x = [69,75,95,120,155,220,287,363,508,534,1023];

y = [240,220,210,190,175,150,110,75,28,20,-40];

