x = [69,75,95,120,155,220,287,363,528,534];

y = [210,200,190,180,160,140,100,75,28,24];

